hw = [  
        [0.69, 0.56, 0.42, 0.28, 0.14],
        [0.56, 0.44, 0.33, 0.22, 0.11],
        [0.42, 0.33, 0.25, 0.17, 0.08],
        [0.28, 0.22, 0.17, 0.11, 0.06],
        [0.14, 0.11, 0.08, 0.06, 0.03]
    ]

aps = [ 
        [0.17, 0.33, 0.50, 0.67, 0.83],
        [0.33, 0.50, 0.67, 0.83, 1.00],
        [0.50, 0.67, 0.83, 1.00, 1.00],
        [0.67, 0.83, 1.00, 1.00, 1.00],
        [0.83, 1.00, 1.00, 1.00, 1.00]
    ]

hwr1 = [ 
        [0.81, 0.65, 0.49, 0.32, 0.16],
        [0.65, 0.52, 0.39, 0.26, 0.13],
        [0.49, 0.39, 0.29, 0.19, 0.10],
        [0.32, 0.26, 0.19, 0.13, 0.06],
        [0.16, 0.13, 0.10, 0.06, 0.03]
    ]

hwrh = [
        [0.81, 0.65, 0.49, 0.32, 0.16],
        [0.74, 0.59, 0.44, 0.30, 0.15],
        [0.63, 0.50, 0.38, 0.25, 0.13],
        [0.46, 0.37, 0.28, 0.19, 0.09],
        [0.25, 0.20, 0.15, 0.10, 0.05]
    ]

hwrhrw = [
        [0.95, 0.86, 0.73, 0.54, 0.30],
        [0.86, 0.79, 0.67, 0.49, 0.27],
        [0.73, 0.67, 0.56, 0.42, 0.23],
        [0.54, 0.49, 0.42, 0.31 ,0.17],
        [0.30, 0.27, 0.23, 0.17, 0.09]
    ]

fnpt = [1, 0, 0.16, 0.33, 0.5, .66, 0.83]

sht = [1, 1.16, 1.33, 1.5, 1.66, 1.83, 2]